rd 0 0 2
rd 1 1 2
rd 2 20 3
rd 3 3 2
rd 4 40 3
rd 5 5 2
rd 6 60 3
rd 7 7 2
rd 8 80 3
rd 9 9 2
rd 10 100 4
rd 11 11 3
rd 12 120 4
rd 13 13 3
rd 14 140 4
rd 15 15 3
rd 16 160 4
rd 17 17 3
rd 18 180 4
rd 19 19 3
rd 20 200 4
rd 21 21 3
rd 22 220 4
rd 23 23 3
rd 24 240 4
rd 25 25 3
rd 26 260 4
rd 27 27 3
rd 28 280 4
rd 29 29 3
rd 30 300 4
rd 31 31 3
rd 32 320 4
rd 33 33 3
rd 34 340 4
rd 35 35 3
rd 36 360 4
rd 37 37 3
rd 38 380 4
rd 39 39 3
rd 40 400 4
rd 41 41 3
rd 42 420 4
rd 43 43 3
rd 44 440 4
rd 45 45 3
rd 46 460 4
rd 47 47 3
rd 48 480 4
rd 49 49 3
rd 50 500 4
rd 51 51 3
rd 52 520 4
rd 53 53 3
rd 54 540 4
rd 55 55 3
rd 56 560 4
rd 57 57 3
rd 58 580 4
rd 59 59 3
rd 60 600 4
rd 61 61 3
rd 62 620 4
rd 63 63 3
rd 64 640 4
rd 65 65 3
rd 66 660 4
rd 67 67 3
rd 68 680 4
rd 69 69 3
rd 70 700 4
rd 71 71 3
rd 72 720 4
rd 73 73 3
rd 74 740 4
rd 75 75 3
rd 76 760 4
rd 77 77 3
rd 78 780 4
rd 79 79 3
rd 80 800 4
rd 81 81 3
rd 82 820 4
rd 83 83 3
rd 84 840 4
rd 85 85 3
rd 86 860 4
rd 87 87 3
rd 88 880 4
rd 89 89 3
rd 90 900 4
rd 91 91 3
rd 92 920 4
rd 93 93 3
rd 94 940 4
rd 95 95 3
rd 96 960 4
rd 97 97 3
rd 98 980 4
rd 99 99 3
